P0: 7.215377000000e+02 0.000000000000e+00 6.095593000000e+02 0.000000000000e+00 0.000000000000e+00 7.215377000000e+02 1.728540000000e+02 0.000000000000e+00 0.000000000000e+00 0.000000000000e+00 1.000000000000e+00 0.000000000000e+00
P1: 7.215377000000e+02 0.000000000000e+00 6.095593000000e+02 -3.875744000000e+02 0.000000000000e+00 7.215377000000e+02 1.728540000000e+02 0.000000000000e+00 0.000000000000e+00 0.000000000000e+00 1.000000000000e+00 0.000000000000e+00
P2: 7.215377000000e+02 0.000000000000e+00 6.095593000000e+02 4.485728000000e+01 0.000000000000e+00 7.215377000000e+02 1.728540000000e+02 2.163791000000e-01 0.000000000000e+00 0.000000000000e+00 1.000000000000e+00 2.745884000000e-03
P3: 7.215377000000e+02 0.000000000000e+00 6.095593000000e+02 -3.395242000000e+02 0.000000000000e+00 7.215377000000e+02 1.728540000000e+02 2.199936000000e+00 0.000000000000e+00 0.000000000000e+00 1.000000000000e+00 2.729905000000e-03
R0_rect: 9.999239000000e-01 9.837760000000e-03 -7.445048000000e-03 -9.869795000000e-03 9.999421000000e-01 -4.278459000000e-03 7.402527000000e-03 4.351614000000e-03 9.999631000000e-01
Tr_velo_to_cam: 7.533745000000e-03 -9.999714000000e-01 -6.166020000000e-04 -4.069766000000e-03 1.480249000000e-02 7.280733000000e-04 -9.998902000000e-01 -7.631618000000e-02 9.998621000000e-01 7.523790000000e-03 1.480755000000e-02 -2.717806000000e-01
Tr_imu_to_velo: 9.999976000000e-01 7.553071000000e-04 -2.035826000000e-03 -8.086759000000e-01 -7.854027000000e-04 9.998898000000e-01 -1.482298000000e-02 3.195559000000e-01 2.024406000000e-03 1.482454000000e-02 9.998881000000e-01 -7.997231000000e-01
Car 0.00 2 -1.45 661.23 174.85 694.38 197.63 1.32 1.48 4.44 4.19 1.46 44.41 -1.35
Truck 0.00 2 2.11 125.12 91.71 474.04 253.26 4.02 2.60 16.79 -9.48 2.08 26.41 1.77
Car 0.00 0 -1.40 684.49 172.19 733.85 205.26 1.42 1.56 4.16 4.58 1.41 33.13 -1.27
Car 0.50 0 -0.72 0.00 193.56 386.20 374.00 1.45 1.59 3.44 -3.67 1.67 6.05 -1.24
Car 0.00 0 1.82 494.45 181.84 527.48 205.27 1.44 1.35 3.23 -6.41 2.04 46.74 1.68
Tram 0.00 2 1.20 587.32 158.63 648.66 188.51 3.46 2.57 14.66 0.75 1.91 90.96 1.21
DontCare -1 -1 -10 529.35 171.90 573.14 197.98 -1 -1 -1 -1000 -1000 -1000 -10
DontCare -1 -1 -10 1050.10 159.71 1073.88 173.33 -1 -1 -1 -1000 -1000 -1000 -10
DontCare -1 -1 -10 487.69 163.56 518.98 178.19 -1 -1 -1 -1000 -1000 -1000 -10
DontCare -1 -1 -10 824.36 160.32 841.17 170.97 -1 -1 -1 -1000 -1000 -1000 -10
DontCare -1 -1 -10 842.73 159.93 859.71 172.64 -1 -1 -1 -1000 -1000 -1000 -10
DontCare -1 -1 -10 888.20 158.10 921.87 174.23 -1 -1 -1 -1000 -1000 -1000 -10
DontCare -1 -1 -10 927.10 158.96 965.27 174.02 -1 -1 -1 -1000 -1000 -1000 -10
DontCare -1 -1 -10 1106.20 156.06 1139.19 174.02 -1 -1 -1 -1000 -1000 -1000 -10
DontCare -1 -1 -10 1138.60 154.95 1172.76 176.06 -1 -1 -1 -1000 -1000 -1000 -10
DontCare -1 -1 -10 1167.90 153.55 1204.83 179.88 -1 -1 -1 -1000 -1000 -1000 -10
DontCare -1 -1 -10 1202.30 152.88 1239.99 175.18 -1 -1 -1 -1000 -1000 -1000 -10
DontCare -1 -1 -10 861.75 157.83 888.30 174.13 -1 -1 -1 -1000 -1000 -1000 -10
DontCare -1 -1 -10 795.08 159.60 814.98 170.05 -1 -1 -1 -1000 -1000 -1000 -10
DontCare -1 -1 -10 1074.00 161.96 1089.47 175.46 -1 -1 -1 -1000 -1000 -1000 -10
DontCare -1 -1 -10 1026.80 158.50 1044.54 174.01 -1 -1 -1 -1000 -1000 -1000 -10
DontCare -1 -1 -10 969.98 154.19 1034.61 178.19 -1 -1 -1 -1000 -1000 -1000 -10
