P0: 7.215377000000e+02 0.000000000000e+00 6.095593000000e+02 0.000000000000e+00 0.000000000000e+00 7.215377000000e+02 1.728540000000e+02 0.000000000000e+00 0.000000000000e+00 0.000000000000e+00 1.000000000000e+00 0.000000000000e+00
P1: 7.215377000000e+02 0.000000000000e+00 6.095593000000e+02 -3.875744000000e+02 0.000000000000e+00 7.215377000000e+02 1.728540000000e+02 0.000000000000e+00 0.000000000000e+00 0.000000000000e+00 1.000000000000e+00 0.000000000000e+00
P2: 7.215377000000e+02 0.000000000000e+00 6.095593000000e+02 4.485728000000e+01 0.000000000000e+00 7.215377000000e+02 1.728540000000e+02 2.163791000000e-01 0.000000000000e+00 0.000000000000e+00 1.000000000000e+00 2.745884000000e-03
P3: 7.215377000000e+02 0.000000000000e+00 6.095593000000e+02 -3.395242000000e+02 0.000000000000e+00 7.215377000000e+02 1.728540000000e+02 2.199936000000e+00 0.000000000000e+00 0.000000000000e+00 1.000000000000e+00 2.729905000000e-03
R0_rect: 9.999239000000e-01 9.837760000000e-03 -7.445048000000e-03 -9.869795000000e-03 9.999421000000e-01 -4.278459000000e-03 7.402527000000e-03 4.351614000000e-03 9.999631000000e-01
Tr_velo_to_cam: 7.533745000000e-03 -9.999714000000e-01 -6.166020000000e-04 -4.069766000000e-03 1.480249000000e-02 7.280733000000e-04 -9.998902000000e-01 -7.631618000000e-02 9.998621000000e-01 7.523790000000e-03 1.480755000000e-02 -2.717806000000e-01
Tr_imu_to_velo: 9.999976000000e-01 7.553071000000e-04 -2.035826000000e-03 -8.086759000000e-01 -7.854027000000e-04 9.998898000000e-01 -1.482298000000e-02 3.195559000000e-01 2.024406000000e-03 1.482454000000e-02 9.998881000000e-01 -7.997231000000e-01
Car 0.80 0 -2.09 1013.39 182.46 1241.00 374.00 1.57 1.65 3.35 4.43 1.65 5.20 -1.42
Car 0.00 0 1.95 354.43 185.52 549.52 294.49 1.43 1.70 3.95 -2.39 1.66 11.80 1.76
Pedestrian 0.00 2 1.41 859.54 159.80 879.68 221.40 1.96 0.72 1.09 8.33 1.55 23.51 1.75
Car 0.00 0 -1.78 819.63 178.12 926.85 251.56 1.51 1.60 3.24 5.85 1.64 16.50 -1.44
Car 0.00 2 -1.69 800.54 178.06 878.75 230.56 1.45 1.74 4.10 6.87 1.62 22.05 -1.39
Car 0.00 0 1.80 558.55 179.04 635.05 230.61 1.54 1.68 3.79 -0.38 1.76 23.64 1.78
Car 0.00 2 1.77 598.30 178.68 652.25 218.17 1.49 1.52 3.35 0.64 1.74 29.07 1.79
Car 0.00 1 -1.67 784.59 178.04 839.98 220.10 1.53 1.65 4.37 7.88 1.75 28.53 -1.40
Car 0.00 1 1.92 663.74 175.36 707.21 204.15 1.64 1.45 3.48 4.50 1.80 42.85 2.02
DontCare -1 -1 -10 737.69 163.56 790.86 197.98 -1 -1 -1 -1000 -1000 -1000 -10
DontCare -1 -1 -10 135.60 185.44 196.06 202.15 -1 -1 -1 -1000 -1000 -1000 -10
DontCare -1 -1 -10 796.02 162.52 862.73 183.40 -1 -1 -1 -1000 -1000 -1000 -10
DontCare -1 -1 -10 879.35 165.65 931.48 182.36 -1 -1 -1 -1000 -1000 -1000 -10
