P0: 7.215377000000e+02 0.000000000000e+00 6.095593000000e+02 0.000000000000e+00 0.000000000000e+00 7.215377000000e+02 1.728540000000e+02 0.000000000000e+00 0.000000000000e+00 0.000000000000e+00 1.000000000000e+00 0.000000000000e+00
P1: 7.215377000000e+02 0.000000000000e+00 6.095593000000e+02 -3.875744000000e+02 0.000000000000e+00 7.215377000000e+02 1.728540000000e+02 0.000000000000e+00 0.000000000000e+00 0.000000000000e+00 1.000000000000e+00 0.000000000000e+00
P2: 7.215377000000e+02 0.000000000000e+00 6.095593000000e+02 4.485728000000e+01 0.000000000000e+00 7.215377000000e+02 1.728540000000e+02 2.163791000000e-01 0.000000000000e+00 0.000000000000e+00 1.000000000000e+00 2.745884000000e-03
P3: 7.215377000000e+02 0.000000000000e+00 6.095593000000e+02 -3.395242000000e+02 0.000000000000e+00 7.215377000000e+02 1.728540000000e+02 2.199936000000e+00 0.000000000000e+00 0.000000000000e+00 1.000000000000e+00 2.729905000000e-03
R0_rect: 9.999239000000e-01 9.837760000000e-03 -7.445048000000e-03 -9.869795000000e-03 9.999421000000e-01 -4.278459000000e-03 7.402527000000e-03 4.351614000000e-03 9.999631000000e-01
Tr_velo_to_cam: 7.533745000000e-03 -9.999714000000e-01 -6.166020000000e-04 -4.069766000000e-03 1.480249000000e-02 7.280733000000e-04 -9.998902000000e-01 -7.631618000000e-02 9.998621000000e-01 7.523790000000e-03 1.480755000000e-02 -2.717806000000e-01
Tr_imu_to_velo: 9.999976000000e-01 7.553071000000e-04 -2.035826000000e-03 -8.086759000000e-01 -7.854027000000e-04 9.998898000000e-01 -1.482298000000e-02 3.195559000000e-01 2.024406000000e-03 1.482454000000e-02 9.998881000000e-01 -7.997231000000e-01
Car 0.00 0 -1.59 523.41 194.53 550.65 219.39 1.44 1.66 4.53 -4.82 2.90 47.02 -1.69
Van 0.00 0 -1.68 572.15 185.81 606.45 219.24 2.02 1.70 4.60 -1.42 2.89 47.11 -1.71
Tram 0.00 2 1.27 387.26 166.06 473.51 213.36 3.46 2.57 14.66 -15.22 3.07 59.75 1.02
DontCare -1 -1 -10 176.23 181.27 229.40 218.81 -1 -1 -1 -1000 -1000 -1000 -10
DontCare -1 -1 -10 280.40 180.23 305.44 204.23 -1 -1 -1 -1000 -1000 -1000 -10
DontCare -1 -1 -10 473.10 177.10 526.27 210.47 -1 -1 -1 -1000 -1000 -1000 -10
DontCare -1 -1 -10 638.42 180.23 680.62 197.42 -1 -1 -1 -1000 -1000 -1000 -10
DontCare -1 -1 -10 1014.10 194.46 1033.60 213.63 -1 -1 -1 -1000 -1000 -1000 -10
DontCare -1 -1 -10 685.12 185.18 720.99 196.91 -1 -1 -1 -1000 -1000 -1000 -10
DontCare -1 -1 -10 728.15 185.64 761.31 198.77 -1 -1 -1 -1000 -1000 -1000 -10
DontCare -1 -1 -10 767.51 186.02 806.60 199.96 -1 -1 -1 -1000 -1000 -1000 -10
DontCare -1 -1 -10 834.96 190.62 867.62 203.53 -1 -1 -1 -1000 -1000 -1000 -10
DontCare -1 -1 -10 940.02 193.50 955.24 208.91 -1 -1 -1 -1000 -1000 -1000 -10
DontCare -1 -1 -10 1053.50 194.11 1083.65 220.00 -1 -1 -1 -1000 -1000 -1000 -10
DontCare -1 -1 -10 1105.00 195.80 1145.53 220.10 -1 -1 -1 -1000 -1000 -1000 -10
DontCare -1 -1 -10 1202.80 191.24 1239.90 220.90 -1 -1 -1 -1000 -1000 -1000 -10
DontCare -1 -1 -10 889.87 187.13 918.06 207.79 -1 -1 -1 -1000 -1000 -1000 -10
DontCare -1 -1 -10 800.19 180.23 843.98 203.19 -1 -1 -1 -1000 -1000 -1000 -10
DontCare -1 -1 -10 955.40 184.40 1009.61 221.94 -1 -1 -1 -1000 -1000 -1000 -10
DontCare -1 -1 -10 1135.60 182.31 1203.35 228.19 -1 -1 -1 -1000 -1000 -1000 -10
