P0: 7.215377000000e+02 0.000000000000e+00 6.095593000000e+02 0.000000000000e+00 0.000000000000e+00 7.215377000000e+02 1.728540000000e+02 0.000000000000e+00 0.000000000000e+00 0.000000000000e+00 1.000000000000e+00 0.000000000000e+00
P1: 7.215377000000e+02 0.000000000000e+00 6.095593000000e+02 -3.875744000000e+02 0.000000000000e+00 7.215377000000e+02 1.728540000000e+02 0.000000000000e+00 0.000000000000e+00 0.000000000000e+00 1.000000000000e+00 0.000000000000e+00
P2: 7.215377000000e+02 0.000000000000e+00 6.095593000000e+02 4.485728000000e+01 0.000000000000e+00 7.215377000000e+02 1.728540000000e+02 2.163791000000e-01 0.000000000000e+00 0.000000000000e+00 1.000000000000e+00 2.745884000000e-03
P3: 7.215377000000e+02 0.000000000000e+00 6.095593000000e+02 -3.395242000000e+02 0.000000000000e+00 7.215377000000e+02 1.728540000000e+02 2.199936000000e+00 0.000000000000e+00 0.000000000000e+00 1.000000000000e+00 2.729905000000e-03
R0_rect: 9.999239000000e-01 9.837760000000e-03 -7.445048000000e-03 -9.869795000000e-03 9.999421000000e-01 -4.278459000000e-03 7.402527000000e-03 4.351614000000e-03 9.999631000000e-01
Tr_velo_to_cam: 7.533745000000e-03 -9.999714000000e-01 -6.166020000000e-04 -4.069766000000e-03 1.480249000000e-02 7.280733000000e-04 -9.998902000000e-01 -7.631618000000e-02 9.998621000000e-01 7.523790000000e-03 1.480755000000e-02 -2.717806000000e-01
Tr_imu_to_velo: 9.999976000000e-01 7.553071000000e-04 -2.035826000000e-03 -8.086759000000e-01 -7.854027000000e-04 9.998898000000e-01 -1.482298000000e-02 3.195559000000e-01 2.024406000000e-03 1.482454000000e-02 9.998881000000e-01 -7.997231000000e-01
Pedestrian 0.00 1 0.30 883.68 144.15 937.35 259.01 1.90 0.42 1.04 5.06 1.43 12.42 0.68
Pedestrian 0.00 2 0.29 873.70 152.10 933.44 256.07 1.87 0.50 0.90 5.42 1.50 13.43 0.67
Car 0.00 0 1.74 444.29 171.04 504.95 225.82 1.86 1.57 3.83 -4.95 1.83 26.64 1.55
Pedestrian 0.00 0 -0.39 649.28 168.10 664.61 206.40 1.78 0.53 0.95 2.20 1.57 34.08 -0.33
Car 0.98 0 2.42 0.00 217.12 85.92 374.00 1.50 1.46 3.70 -5.12 1.85 4.13 1.56
Pedestrian 0.00 0 2.02 240.35 190.31 268.02 261.61 1.54 0.57 0.41 -7.92 1.94 15.95 1.57
DontCare -1 -1 -10 0.00 226.06 88.58 373.00 -1 -1 -1 -1000 -1000 -1000 -10
DontCare -1 -1 -10 567.39 173.95 574.86 190.60 -1 -1 -1 -1000 -1000 -1000 -10
DontCare -1 -1 -10 727.58 165.75 737.08 192.75 -1 -1 -1 -1000 -1000 -1000 -10
