P0: 7.183351000000e+02 0.000000000000e+00 6.003891000000e+02 0.000000000000e+00 0.000000000000e+00 7.183351000000e+02 1.815122000000e+02 0.000000000000e+00 0.000000000000e+00 0.000000000000e+00 1.000000000000e+00 0.000000000000e+00
P1: 7.183351000000e+02 0.000000000000e+00 6.003891000000e+02 -3.858846000000e+02 0.000000000000e+00 7.183351000000e+02 1.815122000000e+02 0.000000000000e+00 0.000000000000e+00 0.000000000000e+00 1.000000000000e+00 0.000000000000e+00
P2: 7.183351000000e+02 0.000000000000e+00 6.003891000000e+02 4.450382000000e+01 0.000000000000e+00 7.183351000000e+02 1.815122000000e+02 -5.951107000000e-01 0.000000000000e+00 0.000000000000e+00 1.000000000000e+00 2.616315000000e-03
P3: 7.183351000000e+02 0.000000000000e+00 6.003891000000e+02 -3.363147000000e+02 0.000000000000e+00 7.183351000000e+02 1.815122000000e+02 3.159867000000e+00 0.000000000000e+00 0.000000000000e+00 1.000000000000e+00 5.323834000000e-03
R0_rect: 9.999478000000e-01 9.791707000000e-03 -2.925305000000e-03 -9.806939000000e-03 9.999382000000e-01 -5.238719000000e-03 2.873828000000e-03 5.267134000000e-03 9.999820000000e-01
Tr_velo_to_cam: 7.755449000000e-03 -9.999694000000e-01 -1.014303000000e-03 -7.275538000000e-03 2.294056000000e-03 1.032122000000e-03 -9.999968000000e-01 -6.324057000000e-02 9.999673000000e-01 7.753097000000e-03 2.301990000000e-03 -2.670414000000e-01
Tr_imu_to_velo: 9.999976000000e-01 7.553071000000e-04 -2.035826000000e-03 -8.086759000000e-01 -7.854027000000e-04 9.998898000000e-01 -1.482298000000e-02 3.195559000000e-01 2.024406000000e-03 1.482454000000e-02 9.998881000000e-01 -7.997231000000e-01
Car 0.89 0 2.29 0.00 194.70 414.71 373.00 1.57 1.67 4.14 -2.75 1.70 4.10 1.72
Pedestrian 0.00 1 0.71 1021.76 133.28 1101.39 316.63 1.81 1.06 0.73 4.75 1.33 7.59 1.25
Pedestrian 0.00 0 -1.58 672.23 171.73 690.13 224.33 1.73 0.84 0.86 2.46 1.41 24.14 -1.48
Pedestrian 0.00 0 -1.59 692.68 169.14 712.48 224.03 1.81 0.90 0.95 3.30 1.40 24.22 -1.46
Pedestrian 0.00 0 -1.46 537.84 168.08 560.90 224.34 1.78 0.92 1.01 -1.79 1.36 23.30 -1.54
DontCare -1 -1 -10 916.14 175.59 973.32 253.55 -1 -1 -1 -1000 -1000 -1000 -10
DontCare -1 -1 -10 628.80 173.19 653.95 196.66 -1 -1 -1 -1000 -1000 -1000 -10
DontCare -1 -1 -10 610.47 175.76 625.72 205.87 -1 -1 -1 -1000 -1000 -1000 -10
DontCare -1 -1 -10 766.54 168.32 841.38 261.86 -1 -1 -1 -1000 -1000 -1000 -10
DontCare -1 -1 -10 464.22 177.67 508.93 230.69 -1 -1 -1 -1000 -1000 -1000 -10
